65280      65280 65280 65280 65280 65280 65280 65280 5.10789e+26 5.11016e+26 5.11246e+26 5.11476e+26 5.11644e+26 65280 65280 5.62056e+26 5.62283e+26 5.62513e+26 5.62743e+26 5.6291e+26 65280 65280 6.13321e+26 6.13551e+26 6.1378e+26 6.14008e+26 6.14177e+26 65280 65280 6.64588e+26 6.64818e+26 6.65045e+26 6.65275e+26 6.65444e+26 65280 65280 6.94789e+26 6.95019e+26 6.95248e+26 6.95475e+26 6.95644e+26 65280 65280 65280 65280 65280 65280 65280 65280 
65280 65280 65280 65280 65280 65280 65280 65280 5.10789e+26 5.11016e+26 5.11246e+26 5.11476e+26 5.11644e+26 65280 65280 5.62056e+26 5.62283e+26 5.62513e+26 5.62743e+26 5.6291e+26 65280 65280 6.13321e+26 6.13551e+26 6.1378e+26 6.14008e+26 6.14177e+26 65280 65280 6.64588e+26 6.64818e+26 6.65045e+26 6.65275e+26 6.65444e+26 65280 65280 6.94789e+26 6.95019e+26 6.95248e+26 6.95475e+26 6.95644e+26 65280 65280 65280 65280 65280 65280 65280 65280 
65280 65280 65280 65280 65280 65280 65280 65280 5.10789e+26 5.11016e+26 5.11246e+26 5.11476e+26 5.11644e+26 65280 65280 5.62056e+26 5.62283e+26 5.62513e+26 5.62743e+26 5.6291e+26 65280 65280 6.13321e+26 6.13551e+26 6.1378e+26 6.14008e+26 6.14177e+26 65280 65280 6.64588e+26 6.64818e+26 6.65045e+26 6.65275e+26 6.65444e+26 65280 65280 6.94789e+26 6.95019e+26 6.95248e+26 6.95475e+26 6.95644e+26 65280 65280 65280 65280 65280 65280 65280 65280 
65280 65280 65280 65280 65280 65280 65280 65280 5.10789e+26 5.11016e+26 5.11246e+26 5.11476e+26 5.11644e+26 65280 65280 5.62056e+26 5.62283e+26 5.62513e+26 5.62743e+26 5.6291e+26 65280 65280 6.13321e+26 6.13551e+26 6.1378e+26 6.14008e+26 6.14177e+26 65280 65280 6.64588e+26 6.64818e+26 6.65045e+26 6.65275e+26 6.65444e+26 65280 65280 6.94789e+26 6.95019e+26 6.95248e+26 6.95475e+26 6.95644e+26 65280 65280 65280 65280 65280 65280 65280 65280 
65280 65280 65280 65280 65280 65280 65280 65280 5.10789e+26 5.11016e+26 5.11246e+26 5.11476e+26 5.11644e+26 65280 65280 5.62056e+26 5.62283e+26 5.62513e+26 5.62743e+26 5.6291e+26 65280 65280 6.13321e+26 6.13551e+26 6.1378e+26 6.14008e+26 6.14177e+26 65280 65280 6.64588e+26 6.64818e+26 6.65045e+26 6.65275e+26 6.65444e+26 65280 65280 6.94789e+26 6.95019e+26 6.95248e+26 6.95475e+26 6.95644e+26 65280 65280 65280 65280 65280 65280 65280 65280 
65280 65280 65280 65280 65280 65280 65280 65280 5.10789e+26 5.11016e+26 5.11246e+26 5.11476e+26 5.11644e+26 65280 65280 5.62056e+26 5.62283e+26 5.62513e+26 5.62743e+26 5.6291e+26 65280 65280 6.13321e+26 6.13551e+26 6.1378e+26 6.14008e+26 6.14177e+26 65280 65280 6.64588e+26 6.64818e+26 6.65045e+26 6.65275e+26 6.65444e+26 65280 65280 6.94789e+26 6.95019e+26 6.95248e+26 6.95475e+26 6.95644e+26 65280 65280 65280 65280 65280 65280 65280 65280 
65280 65280 65280 65280 65280 65280 65280 65280 5.10789e+26 5.11016e+26 5.11246e+26 5.11476e+26 5.11644e+26 65280 65280 5.62056e+26 5.62283e+26 5.62513e+26 5.62743e+26 5.6291e+26 65280 65280 6.13321e+26 6.13551e+26 6.1378e+26 6.14008e+26 6.14177e+26 65280 65280 6.64588e+26 6.64818e+26 6.65045e+26 6.65275e+26 6.65444e+26 65280 65280 6.94789e+26 6.95019e+26 6.95248e+26 6.95475e+26 6.95644e+26 65280 65280 65280 65280 65280 65280 65280 65280 
65280 65280 65280 65280 65280 65280 65280 65280 5.10789e+26 5.11016e+26 5.11246e+26 5.11476e+26 5.11644e+26 65280 65280 5.62056e+26 5.62283e+26 5.62513e+26 5.62743e+26 5.6291e+26 65280 65280 6.13321e+26 6.13551e+26 6.1378e+26 6.14008e+26 6.14177e+26 65280 65280 6.64588e+26 6.64818e+26 6.65045e+26 6.65275e+26 6.65444e+26 65280 65280 6.94789e+26 6.95019e+26 6.95248e+26 6.95475e+26 6.95644e+26 65280 65280 65280 65280 65280 65280 65280 65280 
65280 65280 65280 65280 65280 65280 65280 65280 5.10789e+26 5.11016e+26 5.11246e+26 5.11476e+26 5.11644e+26 65280 65280 5.62056e+26 5.62283e+26 5.62513e+26 5.62743e+26 5.6291e+26 65280 65280 6.13321e+26 6.13551e+26 6.1378e+26 6.14008e+26 6.14177e+26 65280 65280 6.64588e+26 6.64818e+26 6.65045e+26 6.65275e+26 6.65444e+26 65280 65280 6.94789e+26 6.95019e+26 6.95248e+26 6.95475e+26 6.95644e+26 65280 65280 65280 65280 65280 65280 65280 65280 
65280 65280 65280 65280 65280 65280 65280 65280 5.10789e+26 5.11016e+26 5.11246e+26 5.11476e+26 5.11644e+26 65280 65280 5.62056e+26 5.62283e+26 5.62513e+26 5.62743e+26 5.6291e+26 65280 65280 6.13321e+26 6.13551e+26 6.1378e+26 6.14008e+26 6.14177e+26 65280 65280 6.64588e+26 6.64818e+26 6.65045e+26 6.65275e+26 6.65444e+26 65280 65280 6.94789e+26 6.95019e+26 6.95248e+26 6.95475e+26 6.95644e+26 65280 65280 65280 65280 65280 65280 65280 65280 
65280 65280 65280 65280 65280 65280 65280 65280 5.10789e+26 5.11016e+26 5.11246e+26 5.11476e+26 5.11644e+26 65280 65280 5.62056e+26 5.62283e+26 5.62513e+26 5.62743e+26 5.6291e+26 65280 65280 6.13321e+26 6.13551e+26 6.1378e+26 6.14008e+26 6.14177e+26 65280 65280 6.64588e+26 6.64818e+26 6.65045e+26 6.65275e+26 6.65444e+26 65280 65280 6.94789e+26 6.95019e+26 6.95248e+26 6.95475e+26 6.95644e+26 65280 65280 65280 65280 65280 65280 65280 65280 
65280 65280 65280 65280 65280 65280 65280 65280 5.10789e+26 5.11016e+26 5.11246e+26 5.11476e+26 5.11644e+26 65280 65280 5.62056e+26 5.62283e+26 5.62513e+26 5.62743e+26 5.6291e+26 65280 65280 6.13321e+26 6.13551e+26 6.1378e+26 6.14008e+26 6.14177e+26 65280 65280 6.64588e+26 6.64818e+26 6.65045e+26 6.65275e+26 6.65444e+26 65280 65280 6.94789e+26 6.95019e+26 6.95248e+26 6.95475e+26 6.95644e+26 65280 65280 65280 65280 65280 65280 65280 65280 
65280 65280 65280 65280 65280 65280 65280 65280 5.10789e+26 5.11016e+26 5.11246e+26 5.11476e+26 5.11644e+26 65280 65280 5.62056e+26 5.62283e+26 5.62513e+26 5.62743e+26 5.6291e+26 65280 65280 6.13321e+26 6.13551e+26 6.1378e+26 6.14008e+26 6.14177e+26 65280 65280 6.64588e+26 6.64818e+26 6.65045e+26 6.65275e+26 6.65444e+26 65280 65280 6.94789e+26 6.95019e+26 6.95248e+26 6.95475e+26 6.95644e+26 65280 65280 65280 65280 65280 65280 65280 65280 
65280 65280 65280 65280 65280 65280 65280 65280 5.10789e+26 5.11016e+26 5.11246e+26 5.11476e+26 5.11644e+26 65280 65280 5.62056e+26 5.62283e+26 5.62513e+26 5.62743e+26 5.6291e+26 65280 65280 6.13321e+26 6.13551e+26 6.1378e+26 6.14008e+26 6.14177e+26 65280 65280 6.64588e+26 6.64818e+26 6.65045e+26 6.65275e+26 6.65444e+26 65280 65280 6.94789e+26 6.95019e+26 6.95248e+26 6.95475e+26 6.95644e+26 65280 65280 65280 65280 65280 65280 65280 65280 
65280 65280 65280 65280 65280 65280 65280 65280 5.10789e+26 5.11016e+26 5.11246e+26 5.11476e+26 5.11644e+26 65280 65280 5.62056e+26 5.62283e+26 5.62513e+26 5.62743e+26 5.6291e+26 65280 65280 6.13321e+26 6.13551e+26 6.1378e+26 6.14008e+26 6.14177e+26 65280 65280 6.64588e+26 6.64818e+26 6.65045e+26 6.65275e+26 6.65444e+26 65280 65280 6.94789e+26 6.95019e+26 6.95248e+26 6.95475e+26 6.95644e+26 65280 65280 65280 65280 65280 65280 65280 65280 
65280 65280 65280 65280 65280 65280 65280 65280 5.10789e+26 5.11016e+26 5.11246e+26 5.11476e+26 5.11644e+26 65280 65280 5.62056e+26 5.62283e+26 5.62513e+26 5.62743e+26 5.6291e+26 65280 65280 6.13321e+26 6.13551e+26 6.1378e+26 6.14008e+26 6.14177e+26 65280 65280 6.64588e+26 6.64818e+26 6.65045e+26 6.65275e+26 6.65444e+26 65280 65280 6.94789e+26 6.95019e+26 6.95248e+26 6.95475e+26 6.95644e+26 65280 65280 65280 65280 65280 65280 65280 65280 
65280 65280 65280 65280 65280 65280 65280 65280 5.10789e+26 5.11016e+26 5.11246e+26 5.11476e+26 5.11644e+26 65280 65280 5.62056e+26 5.62283e+26 5.62513e+26 5.62743e+26 5.6291e+26 65280 65280 6.13321e+26 6.13551e+26 6.1378e+26 6.14008e+26 6.14177e+26 65280 65280 6.64588e+26 6.64818e+26 6.65045e+26 6.65275e+26 6.65444e+26 65280 65280 6.94789e+26 6.95019e+26 6.95248e+26 6.95475e+26 6.95644e+26 65280 65280 65280 65280 65280 65280 65280 65280 
65280 65280 65280 65280 65280 65280 65280 65280 5.10789e+26 5.11016e+26 5.11246e+26 5.11476e+26 5.11644e+26 65280 65280 5.62056e+26 5.62283e+26 5.62513e+26 5.62743e+26 5.6291e+26 65280 65280 6.13321e+26 6.13551e+26 6.1378e+26 6.14008e+26 6.14177e+26 65280 65280 6.64588e+26 6.64818e+26 6.65045e+26 6.65275e+26 6.65444e+26 65280 65280 6.94789e+26 6.95019e+26 6.95248e+26 6.95475e+26 6.95644e+26 65280 65280 65280 65280 65280 65280 65280 65280 
65280 65280 65280 65280 65280 65280 65280 65280 5.10789e+26 5.11016e+26 5.11246e+26 5.11476e+26 5.11644e+26 65280 65280 5.62056e+26 5.62283e+26 5.62513e+26 5.62743e+26 5.6291e+26 65280 65280 6.13321e+26 6.13551e+26 6.1378e+26 6.14008e+26 6.14177e+26 65280 65280 6.64588e+26 6.64818e+26 6.65045e+26 6.65275e+26 6.65444e+26 65280 65280 6.94789e+26 6.95019e+26 6.95248e+26 6.95475e+26 6.95644e+26 65280 65280 65280 65280 65280 65280 65280 65280 
65280 65280 65280 65280 65280 65280 65280 65280 5.10789e+26 5.11016e+26 5.11246e+26 5.11476e+26 5.11644e+26 65280 65280 5.62056e+26 5.62283e+26 5.62513e+26 5.62743e+26 5.6291e+26 65280 65280 6.13321e+26 6.13551e+26 6.1378e+26 6.14008e+26 6.14177e+26 65280 65280 6.64588e+26 6.64818e+26 6.65045e+26 6.65275e+26 6.65444e+26 65280 65280 6.94789e+26 6.95019e+26 6.95248e+26 6.95475e+26 6.95644e+26 65280 65280 65280 65280 65280 65280 65280 65280 
65280 65280 65280 65280 65280 65280 65280 65280 5.10789e+26 5.11016e+26 5.11246e+26 5.11476e+26 5.11644e+26 65280 65280 5.62056e+26 5.62283e+26 5.62513e+26 5.62743e+26 5.6291e+26 65280 65280 6.13321e+26 6.13551e+26 6.1378e+26 6.14008e+26 6.14177e+26 65280 65280 6.64588e+26 6.64818e+26 6.65045e+26 6.65275e+26 6.65444e+26 65280 65280 6.94789e+26 6.95019e+26 6.95248e+26 6.95475e+26 6.95644e+26 65280 65280 65280 65280 65280 65280 65280 65280 
65280 65280 65280 65280 65280 65280 65280 65280 5.10789e+26 5.11016e+26 5.11246e+26 5.11476e+26 5.11644e+26 65280 65280 5.62056e+26 5.62283e+26 5.62513e+26 5.62743e+26 5.6291e+26 65280 65280 6.13321e+26 6.13551e+26 6.1378e+26 6.14008e+26 6.14177e+26 65280 65280 6.64588e+26 6.64818e+26 6.65045e+26 6.65275e+26 6.65444e+26 65280 65280 6.94789e+26 6.95019e+26 6.95248e+26 6.95475e+26 6.95644e+26 65280 65280 65280 65280 65280 65280 65280 65280 
65280 65280 65280 65280 65280 65280 65280 65280 5.10789e+26 5.11016e+26 5.11246e+26 5.11476e+26 5.11644e+26 65280 65280 5.62056e+26 5.62283e+26 5.62513e+26 5.62743e+26 5.6291e+26 65280 65280 6.13321e+26 6.13551e+26 6.1378e+26 6.14008e+26 6.14177e+26 65280 65280 6.64588e+26 6.64818e+26 6.65045e+26 6.65275e+26 6.65444e+26 65280 65280 6.94789e+26 6.95019e+26 6.95248e+26 6.95475e+26 6.95644e+26 65280 65280 65280 65280 65280 65280 65280 65280 
65280 65280 65280 65280 65280 65280 65280 65280 5.10789e+26 5.11016e+26 5.11246e+26 5.11476e+26 5.11644e+26 65280 65280 5.62056e+26 5.62283e+26 5.62513e+26 5.62743e+26 5.6291e+26 65280 65280 6.13321e+26 6.13551e+26 6.1378e+26 6.14008e+26 6.14177e+26 65280 65280 6.64588e+26 6.64818e+26 6.65045e+26 6.65275e+26 6.65444e+26 65280 65280 6.94789e+26 6.95019e+26 6.95248e+26 6.95475e+26 6.95644e+26 65280 65280 65280 65280 65280 65280 65280 65280 
65280 65280 65280 65280 65280 65280 65280 65280 5.10789e+26 5.11016e+26 5.11246e+26 5.11476e+26 5.11644e+26 65280 65280 5.62056e+26 5.62283e+26 5.62513e+26 5.62743e+26 5.6291e+26 65280 65280 6.13321e+26 6.13551e+26 6.1378e+26 6.14008e+26 6.14177e+26 65280 65280 6.64588e+26 6.64818e+26 6.65045e+26 6.65275e+26 6.65444e+26 65280 65280 6.94789e+26 6.95019e+26 6.95248e+26 6.95475e+26 6.95644e+26 65280 65280 65280 65280 65280 65280 65280 65280 
65280 65280 65280 65280 65280 65280 65280 65280 5.10789e+26 5.11016e+26 5.11246e+26 5.11476e+26 5.11644e+26 65280 65280 5.62056e+26 5.62283e+26 5.62513e+26 5.62743e+26 5.6291e+26 65280 65280 6.13321e+26 6.13551e+26 6.1378e+26 6.14008e+26 6.14177e+26 65280 65280 6.64588e+26 6.64818e+26 6.65045e+26 6.65275e+26 6.65444e+26 65280 65280 6.94789e+26 6.95019e+26 6.95248e+26 6.95475e+26 6.95644e+26 65280 65280 65280 65280 65280 65280 65280 65280 
65280 65280 65280 65280 65280 65280 65280 65280 5.10789e+26 5.11016e+26 5.11246e+26 5.11476e+26 5.11644e+26 65280 65280 5.62056e+26 5.62283e+26 5.62513e+26 5.62743e+26 5.6291e+26 65280 65280 6.13321e+26 6.13551e+26 6.1378e+26 6.14008e+26 6.14177e+26 65280 65280 6.64588e+26 6.64818e+26 6.65045e+26 6.65275e+26 6.65444e+26 65280 65280 6.94789e+26 6.95019e+26 6.95248e+26 6.95475e+26 6.95644e+26 65280 65280 65280 65280 65280 65280 65280 65280 
65280 65280 65280 65280 65280 65280 65280 65280 5.10789e+26 5.11016e+26 5.11246e+26 5.11476e+26 5.11644e+26 65280 65280 5.62056e+26 5.62283e+26 5.62513e+26 5.62743e+26 5.6291e+26 65280 65280 6.13321e+26 6.13551e+26 6.1378e+26 6.14008e+26 6.14177e+26 65280 65280 6.64588e+26 6.64818e+26 6.65045e+26 6.65275e+26 6.65444e+26 65280 65280 6.94789e+26 6.95019e+26 6.95248e+26 6.95475e+26 6.95644e+26 65280 65280 65280 65280 65280 65280 65280 65280 
65280 65280 65280 65280 65280 65280 65280 65280 5.10789e+26 5.11016e+26 5.11246e+26 5.11476e+26 5.11644e+26 65280 65280 5.62056e+26 5.62283e+26 5.62513e+26 5.62743e+26 5.6291e+26 65280 65280 6.13321e+26 6.13551e+26 6.1378e+26 6.14008e+26 6.14177e+26 65280 65280 6.64588e+26 6.64818e+26 6.65045e+26 6.65275e+26 6.65444e+26 65280 65280 6.94789e+26 6.95019e+26 6.95248e+26 6.95475e+26 6.95644e+26 65280 65280 65280 65280 65280 65280 65280 65280 
65280 65280 65280 65280 65280 65280 65280 65280 5.10789e+26 5.11016e+26 5.11246e+26 5.11476e+26 5.11644e+26 65280 65280 5.62056e+26 5.62283e+26 5.62513e+26 5.62743e+26 5.6291e+26 65280 65280 6.13321e+26 6.13551e+26 6.1378e+26 6.14008e+26 6.14177e+26 65280 65280 6.64588e+26 6.64818e+26 6.65045e+26 6.65275e+26 6.65444e+26 65280 65280 6.94789e+26 6.95019e+26 6.95248e+26 6.95475e+26 6.95644e+26 65280 65280 65280 65280 65280 65280 65280 65280 
65280 65280 65280 65280 65280 65280 65280 65280 5.10789e+26 5.11016e+26 5.11246e+26 5.11476e+26 5.11644e+26 65280 65280 5.62056e+26 5.62283e+26 5.62513e+26 5.62743e+26 5.6291e+26 65280 65280 6.13321e+26 6.13551e+26 6.1378e+26 6.14008e+26 6.14177e+26 65280 65280 6.64588e+26 6.64818e+26 6.65045e+26 6.65275e+26 6.65444e+26 65280 65280 6.94789e+26 6.95019e+26 6.95248e+26 6.95475e+26 6.95644e+26 65280 65280 65280 65280 65280 65280 65280 65280 
65280 65280 65280 65280 65280 65280 65280 65280 5.10789e+26 5.11016e+26 5.11246e+26 5.11476e+26 5.11644e+26 65280 65280 5.62056e+26 5.62283e+26 5.62513e+26 5.62743e+26 5.6291e+26 65280 65280 6.13321e+26 6.13551e+26 6.1378e+26 6.14008e+26 6.14177e+26 65280 65280 6.64588e+26 6.64818e+26 6.65045e+26 6.65275e+26 6.65444e+26 65280 65280 6.94789e+26 6.95019e+26 6.95248e+26 6.95475e+26 6.95644e+26 65280 65280 65280 65280 65280 65280 65280 65280 
65280 65280 65280 65280 65280 65280 65280 65280 5.10789e+26 5.11016e+26 5.11246e+26 5.11476e+26 5.11644e+26 65280 65280 5.62056e+26 5.62283e+26 5.62513e+26 5.62743e+26 5.6291e+26 65280 65280 6.13321e+26 6.13551e+26 6.1378e+26 6.14008e+26 6.14177e+26 65280 65280 6.64588e+26 6.64818e+26 6.65045e+26 6.65275e+26 6.65444e+26 65280 65280 6.94789e+26 6.95019e+26 6.95248e+26 6.95475e+26 6.95644e+26 65280 65280 65280 65280 65280 65280 65280 65280 
65280 65280 65280 65280 65280 65280 65280 65280 5.10789e+26 5.11016e+26 5.11246e+26 5.11476e+26 5.11644e+26 65280 65280 5.62056e+26 5.62283e+26 5.62513e+26 5.62743e+26 5.6291e+26 65280 65280 6.13321e+26 6.13551e+26 6.1378e+26 6.14008e+26 6.14177e+26 65280 65280 6.64588e+26 6.64818e+26 6.65045e+26 6.65275e+26 6.65444e+26 65280 65280 6.94789e+26 6.95019e+26 6.95248e+26 6.95475e+26 6.95644e+26 65280 65280 65280 65280 65280 65280 65280 65280 
65280 65280 65280 65280 65280 65280 65280 65280 5.10789e+26 5.11016e+26 5.11246e+26 5.11476e+26 5.11644e+26 65280 65280 5.62056e+26 5.62283e+26 5.62513e+26 5.62743e+26 5.6291e+26 65280 65280 6.13321e+26 6.13551e+26 6.1378e+26 6.14008e+26 6.14177e+26 65280 65280 6.64588e+26 6.64818e+26 6.65045e+26 6.65275e+26 6.65444e+26 65280 65280 6.94789e+26 6.95019e+26 6.95248e+26 6.95475e+26 6.95644e+26 65280 65280 65280 65280 65280 65280 65280 65280 
65280 65280 65280 65280 65280 65280 65280 65280 5.10789e+26 5.11016e+26 5.11246e+26 5.11476e+26 5.11644e+26 65280 65280 5.62056e+26 5.62283e+26 5.62513e+26 5.62743e+26 5.6291e+26 65280 65280 6.13321e+26 6.13551e+26 6.1378e+26 6.14008e+26 6.14177e+26 65280 65280 6.64588e+26 6.64818e+26 6.65045e+26 6.65275e+26 6.65444e+26 65280 65280 6.94789e+26 6.95019e+26 6.95248e+26 6.95475e+26 6.95644e+26 65280 65280 65280 65280 65280 65280 65280 65280 
65280 65280 65280 65280 65280 65280 65280 65280 5.10789e+26 5.11016e+26 5.11246e+26 5.11476e+26 5.11644e+26 65280 65280 5.62056e+26 5.62283e+26 5.62513e+26 5.62743e+26 5.6291e+26 65280 65280 6.13321e+26 6.13551e+26 6.1378e+26 6.14008e+26 6.14177e+26 65280 65280 6.64588e+26 6.64818e+26 6.65045e+26 6.65275e+26 6.65444e+26 65280 65280 6.94789e+26 6.95019e+26 6.95248e+26 6.95475e+26 6.95644e+26 65280 65280 65280 65280 65280 65280 65280 65280 
65280 65280 65280 65280 65280 65280 65280 65280 5.10789e+26 5.11016e+26 5.11246e+26 5.11476e+26 5.11644e+26 65280 65280 5.62056e+26 5.62283e+26 5.62513e+26 5.62743e+26 5.6291e+26 65280 65280 6.13321e+26 6.13551e+26 6.1378e+26 6.14008e+26 6.14177e+26 65280 65280 6.64588e+26 6.64818e+26 6.65045e+26 6.65275e+26 6.65444e+26 65280 65280 6.94789e+26 6.95019e+26 6.95248e+26 6.95475e+26 6.95644e+26 65280 65280 65280 65280 65280 65280 65280 65280 
65280 65280 65280 65280 65280 65280 65280 65280 5.10789e+26 5.11016e+26 5.11246e+26 5.11476e+26 5.11644e+26 65280 65280 5.62056e+26 5.62283e+26 5.62513e+26 5.62743e+26 5.6291e+26 65280 65280 6.13321e+26 6.13551e+26 6.1378e+26 6.14008e+26 6.14177e+26 65280 65280 6.64588e+26 6.64818e+26 6.65045e+26 6.65275e+26 6.65444e+26 65280 65280 6.94789e+26 6.95019e+26 6.95248e+26 6.95475e+26 6.95644e+26 65280 65280 65280 65280 65280 65280 65280 65280 
65280 65280 65280 65280 65280 65280 65280 65280 5.10789e+26 5.11016e+26 5.11246e+26 5.11476e+26 5.11644e+26 65280 65280 5.62056e+26 5.62283e+26 5.62513e+26 5.62743e+26 5.6291e+26 65280 65280 6.13321e+26 6.13551e+26 6.1378e+26 6.14008e+26 6.14177e+26 65280 65280 6.64588e+26 6.64818e+26 6.65045e+26 6.65275e+26 6.65444e+26 65280 65280 6.94789e+26 6.95019e+26 6.95248e+26 6.95475e+26 6.95644e+26 65280 65280 65280 65280 65280 65280 65280 65280 
